basic_survival_2_whaouu.json : 364.948401
basic_survival_1.json : 366.948401
